# stap schedtimes.stp 
[...wait a few minutes...]
^C
        execname:    pid    run(us)  sleep(us) iowait(us) queued(us)  total(us)

         systemd:      1        172  109137213          0         35  109137420
        kthreadd:      2         82   96230995          0         97   96231174
     ksoftirqd/0:      3       1087  107824260          0        843  107826190
       rcu_sched:      7      35925  109013885          0      84478  109134288
         rcuos/0:      9      17009  109079181          0      34079  109130269
      watchdog/0:     13         80  106424046          0        150  106424276
      watchdog/1:     16         85  106362021          0        183  106362289
     ksoftirqd/1:     18       1846  108408280          0       1457  108411583
         rcuos/1:     21       4186  109105855          0      12201  109122242
      watchdog/2:     24        114  106299943          0        205  106300262
     ksoftirqd/2:     26        310  108048657          0        301  108049268
[...]
     jbd2/dm-0-8:    619       2039  107079566     177987        879  107082484
 systemd-journal:    819        246  109137150          0         11  109137407
          people:   1037          4  109136638          0         80  109136722
[...]
          xinetd:   3718         15  109137193          0          1  109137209
 docker-containe:   3730        316  106407161          0        502  106407979
            pmcd:   3889      13731  109121694          0       1766  109137191
        pmdaroot:   3892        354  109136759          0         57  109137170
[...]
            pool:  18289       1118    9480012       7285        142    9481272
            pool:  18290         21    9481178          0          4    9481203
            Xorg:  19962    2093373  106758362          0     285314  109137049
 .Xclients-defau:  19966          7  109136957          0         77  109137041
     dbus-launch:  19975          7  109136950          0         71  109137028
[...]
  URL Classifier:  26567       7516   77056967          0       2426   77066909
   mozStorage #1:  26573       1045   50938224       5641        413   50939682
      DOM Worker:  26575      79978  105914833      35315       2673  105997484
   mozStorage #2:  26586       1252   76787436       1288        174   76788862
   mozStorage #3:  26587        540   25651431        636        160   25652131
   mozStorage #4:  26588      12606   77649910      39309       4445   77666961
   mozStorage #5:  26589       3199   77068092      13174       1790   77073081
 localStorage DB:  26591        221   76800210        495        104   76800535
   mozStorage #6:  26594       2669   78439013      15351       1423   78443105
   mozStorage #7:  26597      25996   76663968        532      10495   76700459
   mozStorage #8:  26599     153897   77524293        524       1390   77679580
        pmlogger:  26728       1309  109135083          0        103  109136495
           urbit:  29779     715920  108413321     355060       7467  109136708
           urbit:  29780        230  100043904          0        286  100044420
             zsh:  29810          5  109136565          0          1  109136571
            less:  29849         24  109136515          0         12  109136551
